6

4
11.0 7.0 5.0 1.0
15.0 6.0 4.0 1.0
 5.0 8.0 5.0 1.0
19.0 4.0 8.0 1.0
32

5
15.0 5.4 3.5 4.9
15.0 5.4 3.5 4.9
90.0 9.4 9.4 9.4
2.10 3.4 9.5 3.2
4.53 2.1 2.1 6.2
50.00

5
15.0 5.4 3.5 4.9
15.0 5.4 3.5 4.9
90.0 9.4 9.4 9.4
2.10 3.4 9.5 3.2
4.53 2.1 2.1 6.2
100

5
15.0 5.4 3.5 4.9
15.0 5.4 3.5 4.9
90.0 9.4 9.4 9.4
2.10 3.4 9.5 3.2
4.53 2.1 2.1 6.2
200

5
15.0 5.4 3.5 4.9
15.0 5.4 3.5 4.9
90.0 9.4 9.4 9.4
2.10 3.4 9.5 3.2
4.53 2.1 2.1 6.2
500

5
15.0 5.4 3.5 4.9
15.0 5.4 3.5 4.9
90.0 9.4 9.4 9.4
2.10 3.4 9.5 3.2
4.53 2.1 2.1 6.2
1000
